0.000 
1.578 
1.639 
1.269 
1.398 
1.393 
1.194 
1.231 
1.221 
1.071 
1.073 
1.061 
0.934 
0.917 
0.906 
0.793 
0.764 
0.752 
0.650 
0.611 
0.599 
0.504 
0.459 
0.447 
0.358 
0.306 
0.296 
0.212 
0.154 
0.145 
0.065 
0.002 
-0.006 
-0.082 
-0.150 
-0.157 
-0.229 
-0.302 
-0.308 
-0.375 
-0.455 
-0.459 
-0.521 
-0.608 
-0.610 
-0.667 
-0.762 
-0.761 
-0.811 
-0.917 
-0.912 
-0.953 
-1.076 
-1.063 
-1.089 
-1.240 
-1.215 
-1.214 
-1.422 
-1.365 
-1.295 
-1.709 
-1.411 
0.334 
1.693 
1.558 
1.263 
1.426 
1.357 
1.183 
1.245 
1.196 
1.058 
1.081 
1.042 
0.921 
0.923 
0.890 
0.779 
0.767 
0.739 
0.635 
0.613 
0.588 
0.489 
0.459 
0.437 
0.343 
0.306 
0.287 
0.196 
0.153 
0.137 
0.049 
0.001 
-0.013 
-0.098 
-0.152 
-0.163 
-0.246 
